1.89161279717364
1.89161279717364
1.89161279717364
1.89161279717364
1.89161279717364
1.89161279717364
1.89161279717364
1.89161279717364
1.03635312135104
1.03635312135104
1.03635312135104
1.03635312135104
1.03635312135104
1.03635312135104
1.03635312135104
1.03635312135104
0.904774709686019
0.904774709686019
0.904774709686019
0.904774709686019
0.904774709686019
0.904774709686019
0.904774709686019
0.904774709686019
0.115304239695922
0.115304239695922
0.115304239695922
0.115304239695922
0.115304239695922
0.115304239695922
0.115304239695922
0.115304239695922
-0.641271627377921
-0.641271627377921
-0.641271627377921
-0.641271627377921
-0.641271627377921
-0.641271627377921
-0.641271627377921
-0.641271627377921
-0.31232559821538
-0.31232559821538
-0.31232559821538
-0.31232559821538
-0.31232559821538
-0.31232559821538
-0.31232559821538
-0.31232559821538
-0.443904009880396
-0.443904009880396
-0.443904009880396
-0.443904009880396
-0.443904009880396
-0.443904009880396
-0.443904009880396
-0.443904009880396
-1.7267935236143
-1.7267935236143
-1.7267935236143
-1.7267935236143
-1.7267935236143
-1.7267935236143
-1.7267935236143
-1.7267935236143
0.01662043094716
0.01662043094716
0.01662043094716
0.01662043094716
0.01662043094716
0.01662043094716
0.01662043094716
0.970563915518527
0.970563915518527
0.970563915518527
0.970563915518527
0.970563915518527
0.970563915518527
0.970563915518527
0.970563915518527
-0.904428450707953
-0.904428450707953
-0.904428450707953
-0.904428450707953
-0.904428450707953
-0.904428450707953
-0.904428450707953
-0.904428450707953
-0.904428450707953
-0.904428450707953
-0.904428450707953
-0.904428450707953
-0.904428450707953
-0.904428450707953
-0.904428450707953
-0.904428450707953
