2.55067406569882
2.55067406569882
2.55067406569882
2.55067406569882
2.55067406569882
2.55067406569882
2.55067406569882
2.55067406569882
0.313011100202728
0.313011100202728
0.313011100202728
0.313011100202728
0.313011100202728
0.313011100202728
0.313011100202728
0.313011100202728
-0.68150577335109
-0.68150577335109
-0.68150577335109
-0.68150577335109
-0.68150577335109
-0.68150577335109
-0.68150577335109
-0.68150577335109
-0.880409148061854
-0.880409148061854
-0.880409148061854
-0.880409148061854
-0.880409148061854
-0.880409148061854
-0.880409148061854
-0.880409148061854
-0.880409148061854
-0.880409148061854
-0.880409148061854
-0.880409148061854
-0.880409148061854
-0.880409148061854
-0.880409148061854
-0.880409148061854
-0.68150577335109
-0.68150577335109
-0.68150577335109
-0.68150577335109
-0.68150577335109
-0.68150577335109
-0.68150577335109
-0.68150577335109
-0.0350698055411082
-0.0350698055411082
-0.0350698055411082
-0.0350698055411082
-0.0350698055411082
-0.0350698055411082
-0.0350698055411082
-0.0350698055411082
-0.13452149289649
-0.13452149289649
-0.13452149289649
-0.13452149289649
-0.13452149289649
-0.13452149289649
-0.13452149289649
-0.13452149289649
1.0091729116904
1.0091729116904
1.0091729116904
1.0091729116904
1.0091729116904
1.0091729116904
1.0091729116904
0.90972122433502
0.90972122433502
0.90972122433502
0.90972122433502
0.90972122433502
0.90972122433502
0.90972122433502
0.90972122433502
-0.68150577335109
-0.68150577335109
-0.68150577335109
-0.68150577335109
-0.68150577335109
-0.68150577335109
-0.68150577335109
-0.68150577335109
-0.68150577335109
-0.68150577335109
-0.68150577335109
-0.68150577335109
-0.68150577335109
-0.68150577335109
-0.68150577335109
-0.68150577335109
